46231 19494 6047 35027 18245 22259 5191 12246 13354 17689 2464 37952 38647 15778 41367 24659 9777 23715 1315 39931 11202 45866 21965 25385 685 27255 15115 4291 43437 15116 
35336 28589 13096 47586 30584 1856 43292 37242 2166 49132 12229 17312 4383 31521 45543 23242 4935 28949 29752 1665 19437 3867 28175 19884 31001 9893 30254 44754 28361 29038 
34564 30222 46249 23652 39766 40957 19612 16112 26789 15875 31484 9218 8382 31183 38023 9431 10669 26237 48064 6451 37824 32867 41208 49519 7404 4742 11050 23589 989 307 
21470 32300 22723 27612 32444 3530 37070 32980 34901 21918 6749 16621 37601 3005 18497 45350 5315 12314 43376 20909 22850 39859 611 36694 32335 3155 43630 7442 20930 23721 
24229 26088 45714 36485 11535 45151 15836 25222 14214 27766 23787 27643 48963 34471 4431 22389 3204 35594 26163 3623 35430 24830 44192 35319 47074 7982 10958 49146 48549 5040 
28416 10421 49118 48493 12206 27835 14182 42289 28605 3490 12908 19208 15865 13850 1024 28137 33162 44141 25557 22299 30684 15852 48705 23515 48684 10221 1463 1244 8511 2574 
27127 17412 3660 23407 33611 25727 28925 628 16845 1610 25381 18882 3785 16270 33086 22881 13107 9428 32772 33373 1693 45465 42406 19701 30813 21742 34341 7874 32315 38914 
7259 7432 49725 7523 25287 6468 38136 43559 8812 24056 33383 33055 30425 25416 39772 12240 5466 34564 31289 48955 27356 14740 31012 9383 40043 711 11845 23567 28868 31872 
42903 31593 38568 6604 40586 48688 9796 5659 28480 20777 43492 41981 31617 32799 25839 9792 18899 15427 9728 15729 49841 40900 15864 30877 44160 43173 7610 5486 24613 88 
28667 19149 44539 36998 47733 23716 36627 49386 26832 7914 30519 15219 20999 6322 30192 2685 9995 25725 7308 44585 41013 46228 10157 14221 6026 12712 2127 33454 17614 18113 
14393 23356 33099 570 7017 34932 27665 45879 19647 47355 28795 6107 21041 49998 44635 42469 34362 32591 39576 26959 17001 19305 7207 8884 22748 13720 19640 23142 91 48637 
28097 44752 432 24283 30243 40209 14069 3496 29905 18616 18949 6876 20583 43413 33460 16221 28576 5143 8399 40594 40205 45338 38295 31732 19332 41535 9406 1437 14628 17056 
16291 5460 7104 4772 40438 46408 34193 4127 17876 19969 19899 37963 34364 4608 42593 33628 21576 26023 39596 44197 27501 13747 2062 13370 6598 18342 48715 13314 49958 3389 
2149 8872 2224 5408 13269 15283 604 10008 19746 6298 40991 47835 30850 16160 516 17660 3368 23491 20725 30777 5242 38341 4176 37859 41479 461 48550 31662 38404 27193 
13400 37727 8146 33421 25198 6999 12497 49501 42613 13942 25881 35379 1231 21415 1703 8292 45903 44562 13067 30 15816 449 24273 40829 35218 9840 20170 3908 8784 26607 
25989 21731 46535 42554 6452 45876 24696 35774 33823 24324 30537 49568 7637 30058 18884 17026 45256 24439 15735 9265 38308 28392 37897 36116 2248 4096 7692 29686 35578 35112 
19068 20121 18722 38959 20614 2230 24475 21456 43379 47882 16434 39231 20702 38441 19449 48927 8231 5048 36710 44575 27189 23376 16851 37959 34845 8964 17424 18740 35870 29265 
24783 13441 23764 9544 21154 34258 11162 8994 28895 47470 48088 34244 41989 36458 38710 11655 8352 34399 47380 42395 49697 14762 49917 46968 26160 1983 25877 14413 28616 23969 
22795 41234 14368 19119 49707 26809 30313 12569 10336 23302 33520 30940 2198 32465 18777 12596 37960 10658 40582 36692 48309 42117 11681 35529 16818 28330 16255 26129 47871 31732 
24932 42390 14959 5637 35012 30550 48193 18806 9839 8194 12244 46248 26198 13960 11373 37060 33702 48910 40555 19967 27903 49649 7099 3934 18764 12155 10315 32369 31402 6518 
17759 30161 40450 705 5919 44145 46609 48837 6579 2216 10168 46874 42244 16139 48044 22262 26585 19814 48339 44252 38338 8679 33949 13117 32603 12611 20185 21029 25089 39855 
28422 13574 614 8318 23666 21547 869 37846 37364 20207 20338 15428 25539 46960 40261 37447 9524 20371 46440 21640 886 16784 29391 22937 17458 20426 38540 8812 39977 13848 
33426 8964 7850 24451 2299 35439 30471 43886 40922 19400 18235 29178 28461 510 12184 23108 6672 416 25591 22630 32195 3416 45782 4736 25993 30348 39070 30039 29080 47364 
6423 44240 27396 33203 4047 6207 49558 14456 49209 47797 18362 33795 15989 26756 29248 15291 29179 38479 36104 38171 19546 45928 46230 15687 45382 17223 30609 43732 23135 49040 
20840 10321 428 37076 42791 3313 18581 28309 22988 12524 19505 1203 29280 11620 42732 42012 8174 22574 15952 47118 43599 24992 11803 37835 393 44477 11376 1436 21218 39936 
10652 45475 6675 26859 17945 35222 10979 9228 30685 5594 24578 31146 11961 1619 40922 35565 36577 9612 43929 3201 1500 38545 32320 38188 46191 40711 23081 24182 39959 10925 
43688 10277 14649 18285 36745 17488 20829 17664 22198 46182 47147 44569 2665 38739 33150 5332 32483 27404 10621 34904 24359 9299 42569 33847 40121 48027 22755 29438 16255 10042 
9257 5804 16366 43329 40623 89 28920 29859 24800 32996 7277 36960 25817 12020 3279 39079 32131 45717 43097 47690 5328 9530 6189 21032 23041 43565 46517 18090 1167 13260 
36929 33749 40393 39925 49015 44398 29745 34757 4360 1865 498 48633 30530 44476 38916 24372 18820 26702 30668 37883 42896 41953 23036 33374 37878 26401 20831 35278 32453 27959 
6312 48180 11002 35970 5540 10639 29734 1869 31412 43570 46179 28409 31437 24345 12440 18806 4431 24302 28951 25535 42751 23945 39195 15586 27972 41580 37568 20369 1578 28058 
9694 14547 20350 36363 27085 30546 11998 994 44059 5238 33889 22314 27503 12485 22877 35339 12218 15862 37504 2187 36035 28759 17826 30762 13640 35876 20788 17653 41504 4281 
33528 25483 12890 44770 7399 46810 34802 15727 36360 20196 3368 22533 36285 10158 31945 38338 30991 48179 24237 4262 4612 27769 33386 5242 2629 2224 31781 1822 13068 20441 
2577 7746 16123 10397 27478 15664 11572 19375 35307 23155 17384 25615 23135 20103 34203 31445 23931 12025 11349 1358 3594 17605 19969 45859 47541 24569 1189 15531 16805 6626 
17802 38441 22510 5446 38572 25205 252 454 36001 4198 4822 23297 40076 44635 13005 19919 21591 11624 12382 2379 49713 22414 11383 49735 14244 5321 29091 38310 13753 4655 
2394 38079 16042 17410 16617 13655 6708 31744 15304 37504 26551 1384 49714 48833 30179 1046 16418 29812 17520 14846 737 24969 49435 4733 12234 18565 30651 24780 37457 21803 
28561 30011 46829 33038 20798 38080 22688 46515 21982 17333 914 12994 45334 17961 44025 31890 19835 28671 31839 871 28662 31810 43604 27031 49714 43698 18782 12587 15591 17288 
26088 27081 37056 3228 34611 38544 19386 40063 47862 41521 17765 2432 9479 22582 38201 2312 16663 5340 20663 38811 37733 28621 15362 16243 31961 10416 48359 29899 22654 10740 
38712 19917 33211 23530 37974 15749 39915 32973 9944 38071 8440 22517 27615 22992 30846 21496 32256 32301 26760 25488 37225 32385 45390 38762 42109 15049 5575 767 10242 46977 
20027 39314 38613 34230 38010 25453 31544 35716 20167 11605 13406 49954 42048 40870 21540 16997 16069 12214 19725 45846 6354 1054 32924 9324 17576 2062 31164 45053 30015 26110 
20232 32634 6588 3667 39773 12788 40741 1712 40996 9758 12259 17075 21033 19215 17530 38106 35711 44876 23324 47746 16101 16544 35717 26024 36918 12000 8339 9576 28313 34834 
32991 16644 2858 9842 2310 5677 3618 10422 5934 22178 7717 40020 16193 34751 10956 1660 44195 45649 38222 43371 6769 47557 24565 6555 3712 33220 26609 11454 46166 42105 
46424 42302 40163 30081 42398 2544 44210 18850 1116 7804 11821 20191 30207 1252 33649 28159 21987 25119 3823 46746 24097 39369 12377 47437 24574 46565 868 43590 5749 14273 
17264 15685 20768 14038 30936 46131 8629 29151 4710 1416 41899 28805 29662 45254 22725 44446 13962 34059 30210 40427 49633 364 26780 13546 18088 28106 45252 41103 32078 39407 
39199 15611 17488 17666 22795 47166 42117 24738 39863 5916 26809 39590 48645 4761 15330 49707 43806 43334 42569 16185 20757 45457 12954 16399 47665 1036 44425 33667 41886 18777 
33293 49113 34206 17887 47803 45756 44273 1687 21692 38132 24798 10208 35636 3263 14326 46713 22535 23847 42116 516 35449 26716 33470 41750 19049 18594 18430 4469 15698 32487 
34252 42049 25608 28179 36740 39117 5350 40451 49803 15727 45252 34800 1889 20699 43234 21803 1097 13791 35360 43152 20736 10399 40858 5575 35179 4861 48234 5517 44347 4513 
2133 12040 24924 23570 46955 7652 23917 16244 14005 22084 6748 45647 45983 12139 42994 40658 10883 5052 6837 12811 2514 6720 22313 9173 16102 37289 48639 10963 30686 440 
46537 38261 44252 14787 30888 20871 48171 42180 26157 38336 12786 28406 42204 261 27146 25023 5132 8634 48287 37191 30161 9776 21029 26585 49244 30783 11373 21159 11409 24151 
34588 61 29358 41536 46260 31612 21461 1874 12958 24896 29625 29849 17392 28452 26462 3431 847 40226 6455 36754 33153 11514 1660 32294 12648 37603 8902 11245 39203 47024 
4144 9449 41338 31810 5110 34591 13447 20643 11441 41633 13180 47586 18513 16160 24593 25546 28418 7329 33289 25185 41384 6759 25587 10591 12181 42570 28915 13546 23203 41167 
